$ 1 0.000005 10.20027730826997 50 5 50 5e-11
L -16 128 -64 128 0 0 false 5 0
150 288 144 384 144 0 2 0 5
150 288 208 384 208 0 2 0 5
150 288 288 384 288 0 2 0 5
150 288 352 384 352 0 2 0 5
150 288 432 384 432 0 2 0 5
150 288 496 384 496 0 2 0 5
150 288 640 384 640 0 2 0 5
150 288 576 384 576 0 2 0 5
x -110 202 -84 205 4 24 F0
L -16 192 -64 192 0 0 false 5 0
152 416 176 528 176 0 2 0 5
w 416 160 416 144 0
w 416 144 384 144 0
w 384 208 416 208 0
w 416 208 416 192 0
L -16 336 -64 336 0 0 false 5 0
x -106 342 -80 345 4 24 F1
L -16 272 -64 272 0 0 false 5 0
x -110 276 -82 279 4 24 K0
x -108 421 -80 424 4 24 K1
L -16 416 -64 416 0 0 false 5 0
x -106 486 -80 489 4 24 F2
L -16 480 -64 480 0 0 false 5 0
x -108 565 -80 568 4 24 K2
L -16 560 -64 560 0 0 false 5 0
x -106 630 -80 633 4 24 F3
L -16 624 -64 624 0 1 false 5 0
w 416 352 416 336 0
w 384 352 416 352 0
w 416 288 384 288 0
w 416 304 416 288 0
152 416 320 528 320 0 2 0 5
152 416 464 528 464 0 2 0 5
w 416 448 416 432 0
w 416 432 384 432 0
w 384 496 416 496 0
w 416 496 416 480 0
152 416 608 528 608 0 2 0 5
w 416 592 416 576 0
w 416 576 384 576 0
w 384 640 416 640 0
w 416 640 416 624 0
x 751 810 793 813 4 24 R16
M 688 800 720 800 0 2.5
w 288 128 -16 128 0
w 288 192 -16 192 0
w 288 272 -16 272 0
w 288 336 -16 336 0
w 288 416 -16 416 0
w 288 480 -16 480 0
w 288 560 -16 560 0
w 288 624 -16 624 0
w 288 160 240 160 0
w 240 160 176 160 0
w 288 304 176 304 0
w 288 448 176 448 0
w 288 592 176 592 0
w 176 160 176 304 0
w 176 592 176 736 0
I 176 736 288 736 0 0.5 5
w 288 736 288 656 0
w 288 656 288 512 0
w 288 512 288 368 0
w 288 368 288 224 0
I 96 736 176 736 0 0.5 5
w 96 736 16 736 0
L 16 736 -48 736 0 0 false 5 0
w 176 448 176 592 0
w 176 304 176 448 0
x -126 131 -84 134 4 24 A12
w 528 608 576 608 0
w 576 464 528 464 0
w 576 320 528 320 0
w 576 176 528 176 0
w 576 288 576 432 0
w 576 432 576 576 0
L 464 736 416 736 0 0 false 5 0
x 358 723 412 726 4 24 B\h/K
M 656 176 704 176 0 2.5
M 672 304 720 304 0 2.5
M 672 448 720 448 0 2.5
M 672 592 720 592 0 2.5
x 735 177 777 180 4 24 R12
x 745 311 787 314 4 24 R13
x 747 457 789 460 4 24 R14
x 744 606 786 609 4 24 R15
w 576 176 656 176 0
x -177 746 -63 749 4 24 kernalCS\h
w 160 800 16 800 0
w 16 800 16 736 0
152 464 752 576 752 0 2 0 5
w 464 768 464 800 0
w 464 800 688 800 0
w 464 800 160 800 0
w 576 576 576 752 0
150 576 304 672 304 0 2 0 5
150 576 448 672 448 0 2 0 5
150 576 592 672 592 0 2 0 5
